Practical 3: MATLAB
Task 1
>> K = (1/3)*1440 + (2/3)*280

K =

  666.6667

Practical 2:
>> P = ((3*253.00)/(2))*(((162.51*10^30)^(7/3)/(155.00*10^30))-((162.51*10^30)^(5/3))/(155.00*10^30))

P =

   3.5286e+45



>> P = ((3*258.00)/(2))*(((162.51*10^30)^(7/3)/(155.00*10^30))-((162.51*10^30)^(5/3))/(155.00*10^30))

P =

   3.5983e+45




Task 3

>> D = zeros(2,2)

D =

     0     0
     0     0

>> A = [2 6; 3 9]

A =

     2     6
     3     9

>> B = [1 2; 3 4]

B =

     1     2
     3     4

>> C = [-5 5; 5 3]

C =

    -5     5
     5     3



>> G = [A D]

G =

     2     6     0     0
     3     9     0     0

>> G = [A D D]

G =

     2     6     0     0     0     0
     3     9     0     0     0     0

>> G = [A D D; D B D; D D C]

G =

     2     6     0     0     0     0
     3     9     0     0     0     0
     0     0     1     2     0     0
     0     0     3     4     0     0
     0     0     0     0    -5     5
     0     0     0     0     5     3




Task 4 

G =

     2     6     0     0     0     0
     3     9     0     0     0     0
     0     0     1     2     0     0
     0     0     3     4     0     0
     0     0     0     0    -5     5
     0     0     0     0     5     3

>> E = G (1:2:3:4:5:6, 1:2)

E =

     2     6
     3     9
     0     0
     0     0
     0     0
     0     0

>> F = G (2:3:4:5, 2:3:4:5)

F =

     9     0     0     0
     0     1     2     0
     0     3     4     0
     0     0     0    -5





TASK 5


Part 1

>> n = 0:9


n =


     0     1     2     3     4     5     6     7     8     9


>> a = factorial (4*n)




Part 2

a =


   1.0e+41 *


    0.0000    0.0000    0.0000    0.0000    0.0000    0.0000    0.0000    0.0000    0.0000    3.7199


>> b = 1103 + 26390.*n




Part 3

b =


  Columns 1 through 9


        1103       27493       53883       80273      106663      133053      159443      185833      212223


  Column 10


      238613




Part 4 

>> c = (factorial (n)).^4


c =


   1.0e+22 *


    0.0000    0.0000    0.0000    0.0000    0.0000    0.0000    0.0000    0.0000    0.0003    1.7340


>> d = 396.^(4*n)




Part 5


d =


   1.0e+93 *


    0.0000    0.0000    0.0000    0.0000    0.0000    0.0000    0.0000    0.0000    0.0000    3.2887


>> p = sum((a.*b)./(c.*d))




Part 6

p =


   1.1030e+03



Part 7

>> i = ((2*sqrt(2))/9801)*p


i =


    0.3183


>> r = 1./i


r =


    3.1416


>> pi


ans =


    3.1416
 



>> format long

>> pi


ans =


   3.141592653589793



(tbm tem "format short/format" e "format rat")
